8
99
63
75
70
37
52
4
77
97
83
13
87
5
88
58
32
66
38
93
93
75
7
47
29
43
70
33
16
76
26
36
64
85
94
30
85
93
5
15
14
88
38
83
74
78
2
11
10
94
8
21
32
1
46
54
80
49
34
98
63
71
11
52
72
50
67
55
94
55
48
51
66
28
68
16
84
50
9
22
33
20
22
80
23
27
91
69
14
0
70
2
29
86
42
7
69
30
63
33
88
17
81
41
70
63
90
61
39
30
39
87
84
38
87
90
86
51
83
70
87
30
29
28
46
3
24
77
3
76
64
53
66
32
81
28
20
38
80
89
85
47
36
0
24
82
44
92
4
18
23
95
22
40
48
65
38
76
36
58
17
50
55
67
86
18
6
64
38
98
24
48
71
81
30
63
75
68
21
41
16
5
32
7
38
52
19
23
30
66
22
28
67
54
50
70
72
51
42
49
28
54
31
87
43
69
54
28
56
69
99
49
78
31
99
74
59
22
5
30
73
87
37
63
75
9
83
27
66
81
73
88
80
59
83
7
82
47
27
69
71
75
39
74
78
11
60
47
38
2
63
55
36
51
13
26
86
36
10
70
22
78
85
73
90
82
45
35
59
41
52
20
70
78
75
51
45
5
3
78
0
29
33
45
65
9
85
85
88
12
28
59
53
2
99
14
47
32
3
72
35
95
51
98
68
57
1
30
61
42
62
87
62
0
19
2
78
71
49
83
22
9
66
91
84
62
27
87
59
40
5
77
90
98
42
72
6
84
10
68
91
7
66
5
92
94
35
24
95
23
30
97
12
37
23
14
13
57
32
24
56
75
82
70
62
4
93
15
15
45
56
32
86
78
91
65
98
31
18
24
55
17
65
98
8
98
26
87
88
23
98
85
99
87
85
65
9
94
36
44
80
12
92
92
48
79
86
69
54
92
88
88
57
66
59
84
53
44
31
94
96
75
54
91
34
16
2
4
15
66
35
56
20
6
6
82
90
33
61
29
17
77
80
6
23
44
84
32
54
89
83
60
82
86
21
45
16
19
58
21
74
16
59
6
67
78
72
71
79
15
84
0
70
36
33
16
13
19
78
56
4
83
55
12
45
5
10
4
46
97
70
23
38
30
54
42
29
63
13
39
80
27
3
18
96
85
43
23
75
72
68
20
45
8
32
96
41
66
97
50
55
48
27
64
45
89
8
99
9
79
60
55
34
15
60
9
53
9
25
7
38
47
22
57
0
23
78
92
0
66
42
61
33
11
44
15
57
30
55
32
84
67
51
0
36
21
81
94
96
22
51
69
85
17
66
74
35
64
32
7
4
22
62
24
73
57
21
72
77
76
84
48
39
33
85
52
2
77
68
25
22
16
5
30
58
48
30
45
69
68
94
31
34
44
17
53
19
29
78
8
31
44
50
30
76
58
84
48
77
94
43
21
16
70
72
39
67
17
40
69
55
56
85
36
21
53
4
98
89
42
69
14
98
81
26
10
0
28
37
73
78
9
77
44
97
30
83
25
27
44
90
42
21
5
71
40
56
28
45
52
61
93
53
11
33
21
84
43
51
33
2
49
9
23
78
14
78
81
15
90
21
46
32
92
37
67
41
93
61
41
66
41
1
83
99
35
27
63
54
16
3
69
26
53
92
98
34
55
14
80
36
30
26
86
13
92
26
61
54
80
21
88
72
49
51
51
8
66
55
63
38
92
62
29
15
39
57
41
61
67
61
56
43
9
31
87
61
44
93
60
9
41
78
58
14
44
39
52
58
21
33
6
88
28
29
79
22
25
84
93
28
33
83
9
97
24
18
60
27
80
49
76
64
26
69
99
57
27
39
29
76
86
4
76
26
87
98
62
79
37
70
8
49
67
78
61
31
96
65
8
95
9
34
63
24
10
81
14
89
69
98
57
12
35
17
84
23
82
72
13
16
27
81
7
48
9
22
19
77
74
59
47
34
11
18
94
43
35
57
2
87
58
55
81
19
41
23
32
46
47
19
47
10
58
16
36
42
46
68
23
67
50
58
58
5
97
38
36
69
5
2
48
40
86
43
33
28
23
63
1
71
16
61
37
12
17
66
34
51
23
22
16
47
75
95
31
99
2
72
36
9
82
66
4
25
31
92
30
45
88
23
44
69
69
66
90
83
74
75
80
99
4
43
50
45
15
43
31
29
2
72
44
23
79
60
89
14
73
4
20
75
26
79
51
16
27
79
73
52
66
14
21
35
62
8
2
8
23
63
59
38
18
25
51
4
73
49
23
40
45
